# x [arb. u.]  		y [arb. u.]      y error [arb. u.]
0.000000000000000000e+00 3.817750154444292221e+00 4.000000000000000222e-01
5.000000000000000000e-01 4.066578093409661143e+00 4.000000000000000222e-01
1.000000000000000000e+00 4.065412093799730897e+00 4.000000000000000222e-01
1.500000000000000000e+00 5.298936090374374963e+00 4.000000000000000222e-01
2.000000000000000000e+00 5.330571805908171257e+00 4.000000000000000222e-01
2.500000000000000000e+00 5.384547170777533864e+00 4.000000000000000222e-01
3.000000000000000000e+00 5.357970827487063659e+00 4.000000000000000222e-01
3.500000000000000000e+00 4.933933947553009958e+00 4.000000000000000222e-01
4.000000000000000000e+00 5.697781423566673276e+00 4.000000000000000222e-01
4.500000000000000000e+00 6.412340808801105574e+00 4.000000000000000222e-01
5.000000000000000000e+00 6.691741249569744809e+00 4.000000000000000222e-01
5.500000000000000000e+00 6.917509696089966020e+00 4.000000000000000222e-01
6.000000000000000000e+00 6.444157981588819695e+00 4.000000000000000222e-01
6.500000000000000000e+00 7.717532417846901360e+00 4.000000000000000222e-01
7.000000000000000000e+00 7.955669587984757207e+00 4.000000000000000222e-01
7.500000000000000000e+00 7.931649935068230128e+00 4.000000000000000222e-01
8.000000000000000000e+00 7.248998212999614665e+00 4.000000000000000222e-01
8.500000000000000000e+00 8.357829616196937650e+00 4.000000000000000222e-01
9.000000000000000000e+00 7.667624147153507153e+00 4.000000000000000222e-01
9.500000000000000000e+00 8.996485619394443134e+00 4.000000000000000222e-01
1.000000000000000000e+01 8.877239284500451078e+00 4.000000000000000222e-01
1.050000000000000000e+01 9.608857885270502663e+00 4.000000000000000222e-01
1.100000000000000000e+01 9.594177868641622808e+00 4.000000000000000222e-01
1.150000000000000000e+01 9.395077426735255699e+00 4.000000000000000222e-01
1.200000000000000000e+01 9.911032511387777078e+00 4.000000000000000222e-01
1.250000000000000000e+01 9.896111682624086470e+00 4.000000000000000222e-01
1.300000000000000000e+01 1.031382222872124821e+01 4.000000000000000222e-01
1.350000000000000000e+01 1.097466001366434440e+01 4.000000000000000222e-01
1.400000000000000000e+01 1.130919546750832261e+01 4.000000000000000222e-01
1.450000000000000000e+01 1.108693248961851729e+01 4.000000000000000222e-01
1.500000000000000000e+01 1.231564154587167259e+01 4.000000000000000222e-01
1.550000000000000000e+01 1.308764997218932713e+01 4.000000000000000222e-01
1.600000000000000000e+01 1.414607107008402842e+01 4.000000000000000222e-01
1.650000000000000000e+01 1.403570715838933580e+01 4.000000000000000222e-01
1.700000000000000000e+01 1.453794730026059234e+01 4.000000000000000222e-01
1.750000000000000000e+01 1.573153091235580092e+01 4.000000000000000222e-01
1.800000000000000000e+01 1.651384896376413991e+01 4.000000000000000222e-01
1.850000000000000000e+01 1.773528627535640112e+01 4.000000000000000222e-01
1.900000000000000000e+01 1.709823136288114398e+01 4.000000000000000222e-01
1.950000000000000000e+01 1.808443661961217330e+01 4.000000000000000222e-01
2.000000000000000000e+01 1.814017019402862374e+01 4.000000000000000222e-01
2.050000000000000000e+01 1.872067255083306136e+01 4.000000000000000222e-01
2.100000000000000000e+01 1.884821734389584691e+01 4.000000000000000222e-01
2.150000000000000000e+01 1.780027300619338959e+01 4.000000000000000222e-01
2.200000000000000000e+01 1.825412555134037618e+01 4.000000000000000222e-01
2.250000000000000000e+01 1.753849961761100573e+01 4.000000000000000222e-01
2.300000000000000000e+01 1.770931792823104445e+01 4.000000000000000222e-01
2.350000000000000000e+01 1.712240952172088981e+01 4.000000000000000222e-01
2.400000000000000000e+01 1.699377704188369975e+01 4.000000000000000222e-01
2.450000000000000000e+01 1.674570279659490168e+01 4.000000000000000222e-01
2.500000000000000000e+01 1.637798855301630851e+01 4.000000000000000222e-01
2.550000000000000000e+01 1.613984548351522719e+01 4.000000000000000222e-01
2.600000000000000000e+01 1.603391731734963344e+01 4.000000000000000222e-01
2.650000000000000000e+01 1.623826122850289266e+01 4.000000000000000222e-01
2.700000000000000000e+01 1.645602428537655371e+01 4.000000000000000222e-01
2.750000000000000000e+01 1.655626572602393054e+01 4.000000000000000222e-01
2.800000000000000000e+01 1.671540126358037881e+01 4.000000000000000222e-01
2.850000000000000000e+01 1.605601236229080797e+01 4.000000000000000222e-01
2.900000000000000000e+01 1.727720798803366620e+01 4.000000000000000222e-01
2.950000000000000000e+01 1.688918804297294329e+01 4.000000000000000222e-01
3.000000000000000000e+01 1.668506489991450081e+01 4.000000000000000222e-01
3.050000000000000000e+01 1.757242439908088016e+01 4.000000000000000222e-01
3.100000000000000000e+01 1.763750051807665997e+01 4.000000000000000222e-01
3.150000000000000000e+01 1.795355840939977909e+01 4.000000000000000222e-01
3.200000000000000000e+01 1.709376690362497442e+01 4.000000000000000222e-01
3.250000000000000000e+01 1.793925417752925000e+01 4.000000000000000222e-01
3.300000000000000000e+01 1.821726542063683496e+01 4.000000000000000222e-01
3.350000000000000000e+01 1.839005092172206091e+01 4.000000000000000222e-01
3.400000000000000000e+01 1.947976218343396582e+01 4.000000000000000222e-01
3.450000000000000000e+01 1.951279895225931327e+01 4.000000000000000222e-01
3.500000000000000000e+01 1.877883196781870367e+01 4.000000000000000222e-01
3.550000000000000000e+01 1.887767773757786216e+01 4.000000000000000222e-01
3.600000000000000000e+01 1.976655138183067351e+01 4.000000000000000222e-01
3.650000000000000000e+01 1.998125343663893716e+01 4.000000000000000222e-01
3.700000000000000000e+01 2.006834829443842949e+01 4.000000000000000222e-01
3.750000000000000000e+01 2.025266454530540017e+01 4.000000000000000222e-01
3.800000000000000000e+01 2.069404887772157764e+01 4.000000000000000222e-01
3.850000000000000000e+01 2.000135803315824745e+01 4.000000000000000222e-01
3.900000000000000000e+01 2.113872688588438464e+01 4.000000000000000222e-01
3.950000000000000000e+01 2.064062117451973677e+01 4.000000000000000222e-01
4.000000000000000000e+01 2.078469528331710237e+01 4.000000000000000222e-01
4.050000000000000000e+01 2.073055980456687308e+01 4.000000000000000222e-01
4.100000000000000000e+01 2.136035382647536451e+01 4.000000000000000222e-01
4.150000000000000000e+01 2.121774927280288736e+01 4.000000000000000222e-01
4.200000000000000000e+01 2.127962202180585294e+01 4.000000000000000222e-01
4.250000000000000000e+01 2.173138727685995164e+01 4.000000000000000222e-01
4.300000000000000000e+01 2.200612494276284536e+01 4.000000000000000222e-01
4.350000000000000000e+01 2.168062089768503142e+01 4.000000000000000222e-01
4.400000000000000000e+01 2.144113143773739338e+01 4.000000000000000222e-01
4.450000000000000000e+01 2.204086372451587650e+01 4.000000000000000222e-01
4.500000000000000000e+01 2.170122952045971587e+01 4.000000000000000222e-01
4.550000000000000000e+01 2.229096699933921144e+01 4.000000000000000222e-01
4.600000000000000000e+01 2.275417144853998508e+01 4.000000000000000222e-01
4.650000000000000000e+01 2.284460866159648518e+01 4.000000000000000222e-01
4.700000000000000000e+01 2.312415575218314245e+01 4.000000000000000222e-01
4.750000000000000000e+01 2.322331622088896808e+01 4.000000000000000222e-01
4.800000000000000000e+01 2.298322533057825723e+01 4.000000000000000222e-01
4.850000000000000000e+01 2.286374045354606466e+01 4.000000000000000222e-01
4.900000000000000000e+01 2.357052829546685402e+01 4.000000000000000222e-01
4.950000000000000000e+01 2.369191863086002314e+01 4.000000000000000222e-01
5.000000000000000000e+01 2.378831692946692300e+01 4.000000000000000222e-01
5.050000000000000000e+01 2.409922627911926085e+01 4.000000000000000222e-01
5.100000000000000000e+01 2.401519370238703743e+01 4.000000000000000222e-01
5.150000000000000000e+01 2.437154770571632767e+01 4.000000000000000222e-01
5.200000000000000000e+01 2.444707273693822458e+01 4.000000000000000222e-01
5.250000000000000000e+01 2.481608726960972078e+01 4.000000000000000222e-01
5.300000000000000000e+01 2.512455013104970902e+01 4.000000000000000222e-01
5.350000000000000000e+01 2.496348988607375929e+01 4.000000000000000222e-01
5.400000000000000000e+01 2.446497599018445612e+01 4.000000000000000222e-01
5.450000000000000000e+01 2.556047882884411138e+01 4.000000000000000222e-01
5.500000000000000000e+01 2.555771515588465093e+01 4.000000000000000222e-01
5.550000000000000000e+01 2.646623431016974237e+01 4.000000000000000222e-01
5.600000000000000000e+01 2.553862895345072914e+01 4.000000000000000222e-01
5.650000000000000000e+01 2.564562125558629901e+01 4.000000000000000222e-01
5.700000000000000000e+01 2.669904323218560904e+01 4.000000000000000222e-01
5.750000000000000000e+01 2.627802576480580754e+01 4.000000000000000222e-01
5.800000000000000000e+01 2.576650716517689332e+01 4.000000000000000222e-01
5.850000000000000000e+01 2.614023104270708941e+01 4.000000000000000222e-01
5.900000000000000000e+01 2.649023814298002577e+01 4.000000000000000222e-01
5.950000000000000000e+01 2.664701616683854013e+01 4.000000000000000222e-01
6.000000000000000000e+01 2.640779998809079743e+01 4.000000000000000222e-01
6.050000000000000000e+01 2.723560934037538672e+01 4.000000000000000222e-01
6.100000000000000000e+01 2.730052122047914764e+01 4.000000000000000222e-01
6.150000000000000000e+01 2.769926487837364704e+01 4.000000000000000222e-01
6.200000000000000000e+01 2.737977380344706191e+01 4.000000000000000222e-01
6.250000000000000000e+01 2.718976516441161806e+01 4.000000000000000222e-01
6.300000000000000000e+01 2.754686250246896151e+01 4.000000000000000222e-01
6.350000000000000000e+01 2.744404270994242623e+01 4.000000000000000222e-01
6.400000000000000000e+01 2.719172260607341229e+01 4.000000000000000222e-01
6.450000000000000000e+01 2.813658943819205760e+01 4.000000000000000222e-01
6.500000000000000000e+01 2.818241993763281883e+01 4.000000000000000222e-01
6.550000000000000000e+01 2.856872425248469938e+01 4.000000000000000222e-01
6.600000000000000000e+01 2.965867024540402497e+01 4.000000000000000222e-01
6.650000000000000000e+01 2.879055869053842898e+01 4.000000000000000222e-01
6.700000000000000000e+01 3.046422938220761623e+01 4.000000000000000222e-01
6.750000000000000000e+01 3.194918005692942842e+01 4.000000000000000222e-01
6.800000000000000000e+01 3.244232382717463281e+01 4.000000000000000222e-01
6.850000000000000000e+01 3.245817243262953156e+01 4.000000000000000222e-01
6.900000000000000000e+01 3.323545201791845471e+01 4.000000000000000222e-01
6.950000000000000000e+01 3.392542374505131164e+01 4.000000000000000222e-01
7.000000000000000000e+01 3.385014022647867904e+01 4.000000000000000222e-01
7.050000000000000000e+01 3.441394876722586105e+01 4.000000000000000222e-01
7.100000000000000000e+01 3.434024078584648265e+01 4.000000000000000222e-01
7.150000000000000000e+01 3.325200190347737106e+01 4.000000000000000222e-01
7.200000000000000000e+01 3.300685028085747774e+01 4.000000000000000222e-01
7.250000000000000000e+01 3.276700140545408146e+01 4.000000000000000222e-01
7.300000000000000000e+01 3.216550508068885961e+01 4.000000000000000222e-01
7.350000000000000000e+01 3.106054158300720047e+01 4.000000000000000222e-01
7.400000000000000000e+01 3.118731534331402244e+01 4.000000000000000222e-01
7.450000000000000000e+01 3.129455849066649975e+01 4.000000000000000222e-01
7.500000000000000000e+01 3.148372290006291863e+01 4.000000000000000222e-01
7.550000000000000000e+01 3.064207898999638857e+01 4.000000000000000222e-01
7.600000000000000000e+01 3.037924125977379575e+01 4.000000000000000222e-01
7.650000000000000000e+01 3.030415888039808081e+01 4.000000000000000222e-01
7.700000000000000000e+01 3.046672610873911680e+01 4.000000000000000222e-01
7.750000000000000000e+01 3.108001524768242518e+01 4.000000000000000222e-01
7.800000000000000000e+01 3.061599321329940082e+01 4.000000000000000222e-01
7.850000000000000000e+01 3.103088224631732217e+01 4.000000000000000222e-01
7.900000000000000000e+01 3.118208023704541532e+01 4.000000000000000222e-01
7.950000000000000000e+01 3.121059982305929381e+01 4.000000000000000222e-01
8.000000000000000000e+01 3.038329479784468035e+01 4.000000000000000222e-01
8.050000000000000000e+01 3.173488941438737854e+01 4.000000000000000222e-01
8.100000000000000000e+01 3.152721052814576908e+01 4.000000000000000222e-01
8.150000000000000000e+01 3.128391270011823266e+01 4.000000000000000222e-01
8.200000000000000000e+01 3.159687199200662633e+01 4.000000000000000222e-01
8.250000000000000000e+01 3.195999892055007763e+01 4.000000000000000222e-01
8.300000000000000000e+01 3.252412804433814841e+01 4.000000000000000222e-01
8.350000000000000000e+01 3.228742322651916652e+01 4.000000000000000222e-01
8.400000000000000000e+01 3.170159080415655595e+01 4.000000000000000222e-01
8.450000000000000000e+01 3.158714733303191480e+01 4.000000000000000222e-01
8.500000000000000000e+01 3.191099215033585423e+01 4.000000000000000222e-01
8.550000000000000000e+01 3.196479884898678137e+01 4.000000000000000222e-01
8.600000000000000000e+01 3.158273075182852452e+01 4.000000000000000222e-01
8.650000000000000000e+01 3.330646608669454878e+01 4.000000000000000222e-01
8.700000000000000000e+01 3.187078067474016407e+01 4.000000000000000222e-01
8.750000000000000000e+01 3.237202768978341538e+01 4.000000000000000222e-01
8.800000000000000000e+01 3.198415803687753112e+01 4.000000000000000222e-01
8.850000000000000000e+01 3.269243461474948731e+01 4.000000000000000222e-01
8.900000000000000000e+01 3.230994253885266687e+01 4.000000000000000222e-01
8.950000000000000000e+01 3.306479871327880460e+01 4.000000000000000222e-01
9.000000000000000000e+01 3.269249485048049308e+01 4.000000000000000222e-01
9.050000000000000000e+01 3.293521734446643023e+01 4.000000000000000222e-01
9.100000000000000000e+01 3.352061858282607432e+01 4.000000000000000222e-01
9.150000000000000000e+01 3.270385896421343830e+01 4.000000000000000222e-01
9.200000000000000000e+01 3.288743985252180835e+01 4.000000000000000222e-01
9.250000000000000000e+01 3.315184499360663040e+01 4.000000000000000222e-01
9.300000000000000000e+01 3.323472816753181291e+01 4.000000000000000222e-01
9.350000000000000000e+01 3.297907810223522773e+01 4.000000000000000222e-01
9.400000000000000000e+01 3.339985461566431724e+01 4.000000000000000222e-01
9.450000000000000000e+01 3.360780154280764975e+01 4.000000000000000222e-01
9.500000000000000000e+01 3.310516467978407462e+01 4.000000000000000222e-01
9.550000000000000000e+01 3.407638014882350319e+01 4.000000000000000222e-01
9.600000000000000000e+01 3.361715421505898149e+01 4.000000000000000222e-01
9.650000000000000000e+01 3.365496887296711037e+01 4.000000000000000222e-01
9.700000000000000000e+01 3.377397548386836235e+01 4.000000000000000222e-01
9.750000000000000000e+01 3.386817228417019976e+01 4.000000000000000222e-01
9.800000000000000000e+01 3.361983652215911178e+01 4.000000000000000222e-01
9.850000000000000000e+01 3.329365936324793296e+01 4.000000000000000222e-01
9.900000000000000000e+01 3.394848156759039881e+01 4.000000000000000222e-01
9.950000000000000000e+01 3.452135166311639125e+01 4.000000000000000222e-01
1.000000000000000000e+02 3.422808737247545707e+01 4.000000000000000222e-01
